esh	vm_koodi
1407	4
1205.2	4
1401.8	4
1101.1	3
1176.7	3
1237.7	2
1174.8	3
1788.6	4
1613.4	3
952.8	1
1262.7	4
1163.2	2
1550.7	4
1601.9	3
1373.4	4
1289.8	4
1607.8	3
1418.9	4
1266.4	3
1413.4	4
1448	4
1622.4	4
1332	4
1139.3	3
1169.8	3
1628.1	4
1082.7	1
1027.8	1
1660.3	4
1151	3
1309.7	4
1366.3	3
1719.5	4
2154.4	4
1262.3	2
1188.8	3
1303.9	3
1307	4
1191.7	2
1253.2	3
1352.7	3
1353.4	3
1307.6	2
1335.2	4
1370.6	2
1330.9	3
1391.2	4
1261.5	4
1267.1	3
1213.1	3
1236.1	2
1287.4	4
1353.9	4
1277.1	4
1183.3	4
1486.7	4
1439.8	4
1030	2
1150.4	4
1218	4
1204.4	1
1243.5	1
1668.2	4
1727.8	3
1248	3
1152.3	2
1495.8	4
1285.9	3
1218	4
1161.6	3
1521.2	4
1235.9	3
1120.3	4
1274.5	4
1631.5	4
1432.7	3
1430.8	4
957.2	1
1236.6	3
1488.4	4
1902.3	4
1658.8	3
1072.5	1
1084.7	2
1228.9	4
1258.6	4
1396.3	4
981	2
1392.7	4
1443.1	3
1294.9	4
1039.9	4
1322.9	4
1312.5	2
1305.7	3
1184.6	4
1064.4	2
1205.9	3
1408.1	3
1422	3
1412.8	3
1345.1	4
1213.7	3
2040	4
1463.8	4
1482.9	2
1327.8	4
1397.3	4
1668.5	1
1150.9	3
1273.3	4
1377.5	4
1138.2	4
1236.9	3
1512.1	4
1364.8	3
1182.1	2
1291.4	2
1182.1	2
1394.8	4
1422.4	4
1449	2
1236	4
1343.9	3
1086.9	2
1155.4	3
1121.3	1
1470.8	4
1689.3	4
1217.9	4
1121.3	2
924.5	1
1154.2	3
1455	3
1323.8	4
1387.5	3
1169.7	4
888.4	3
964.4	1
1653.2	4
1290.7	3
1249.4	3
1352.4	3
1174.4	3
1141.9	3
1414.9	3
1418.9	3
1338.7	4
1494.3	3
1324.5	3
1217.8	4
1493.7	3
1222.9	2
1021.8	1
1339.7	3
1291.9	3
1153.1	2
1575.5	4
1623.4	4
1203.1	2
1377.4	3
1185.9	3
1201.7	2
1174.5	3
1031.8	4
1084.4	2
1292.7	2
1157.2	3
1595.3	3
1461.3	3
1287.8	3
1228.3	2
1285.5	4
1199.5	2
2227.2	4
1523.8	4
1222.8	4
1365.8	3
1111.2	3
1580.3	4
1146.7	4
1340.3	4
1438.2	4
1345.8	3
1405	2
1189.5	4
1013.2	1
1338.8	4
1276.8	4
1388.7	3
1050.9	3
1750.7	4
1490	4
1146.9	4
1486.2	4
1963.4	4
1532.5	4
1521.7	3
1207.6	4
1517.3	4
1099.6	2
1414.7	4
1442.8	3
1262	3
1149.6	2
1265.8	3
1214.1	3
1357.4	4
1305.2	4
1291.9	3
1510.6	4
1731.7	4
1449.8	4
1303.3	4
1246.2	3
2430.1	4
1590.3	2
1335.6	4
1512.7	4
1065.7	2
1439.2	4
1474.1	3
1055.4	4
1869.1	4
1360.8	3
1175.4	3
1439.8	4
1749	4
1397	4
1332	2
1167.9	3
1300.4	4
1245.8	4
1334	2
1778.7	4
1017.1	1
1165.3	3
1393.3	3
1290.6	4
1437.7	3
1359.2	4
1686.4	3
1819.8	4
1822.1	4
1503.4	3
1568.6	4
1243.9	4
1850.1	4
1380	3
1517.4	4
1280.2	3
1420.7	4
1613.7	3
1477.2	4
1383.7	1
1432.7	4
1656.1	4
1387.9	4
1218.7	4
1392.7	4
1072.7	3
1497.3	3
1443.8	2
1692	4
1702.5	4
1102.3	2
1164	2
1376.9	3
1428.2	4
1342	4
1301.9	3
1099.9	1
1014	3
1392.9	2
1311.1	2
1439.5	2
1172.2	4
1477.1	4
1695.4	3
1675.4	4
1201.7	3
1238.2	4
1200.8	4
1139.8	2
1150.5	4
1353.3	4
1258.1	4
1464.6	4
1149.1	3
1674	4
1212.3	2
999.4	2
1369.5	4
1628.3	4
1149.2	4
	
